-0.08462394164857448 -0.06868596578573499
-0.08372283706976034 -0.0625420709301841
-0.07615262841325726 -0.010927011908572287
-0.07188418634422321 0.018176002198478078
-0.07810602905575213 -0.0242456526528554
-0.08054275513712117 -0.04085969411673526
-0.08007756869270645 -0.03768796835936211
-0.0804944137826949 -0.040530093972919734
-0.07385641742582812 0.004728972096626455
-0.0713109064527418 0.022084728731305875
-0.08031307983491862 -0.03929372614717232
-0.07856369988740251 -0.02736613559592624
-0.07900330474958922 -0.030363441474471904
-0.07154137872114608 0.020513326901276746
-0.08411307468754735 -0.06520278196055006
-0.08383270201860862 -0.06329115012687697
-0.08082179171773622 -0.04276221625729244
-0.07747221158403139 -0.01992416989112311
-0.07432084951015717 0.0015623897034737627
-0.08180508607536731 -0.049466495968413446
-0.07579461413264912 -0.00848600544988043
-0.0807343883439851 -0.042166284163534705
-0.07918749213859089 -0.03161926458130146
-0.07612806328567304 -0.010759522402316132
-0.07685391962195919 -0.015708542876994455
-0.0842414332475308 -0.06607795396043725
-0.07966736909300778 -0.0348911529068712
-0.078261097775905 -0.025302939381170418
-0.07876364938164351 -0.028729427602114846
-0.08456761453300979 -0.06830191727052126
-0.07476033845610898 -0.0014341258371067117
-0.08153060304527696 -0.04759502076325191
-0.0823588603305425 -0.05324222952642608
-0.07745654326095125 -0.0198173404155767
-0.08249723904401855 -0.054185720754671915
-0.08339766826656687 -0.060325010908410484
-0.07512215903887025 -0.00390108435593349
-0.08453648674289642 -0.06808968233793006
-0.07333361738734154 0.008293517813580384
-0.08438360846961414 -0.06704733047464176
-0.08080270300874864 -0.04263206596874075
-0.07698279239343456 -0.01658722086432654
-0.08027917263393013 -0.03906254068588719
-0.07641328873910033 -0.012704241402956819
-0.08489595407557665 -0.07054059596984073
-0.07865419726136474 -0.02798316314566867
-0.0788471935594993 -0.029299046996586114
-0.07144913861385248 0.02114223672373311
-0.07671602564882185 -0.014768356696512636
-0.07861610845537445 -0.027723466741189418
-0.07924727555346855 -0.03202687877364924
-0.0792256373821783 -0.03187934578757931
-0.07684383489874116 -0.015639783400507895
-0.08391585591828363 -0.063858108533752
-0.07189412689426013 0.018108225720953608
-0.07750924504352653 -0.020176670751317252
-0.07834244534669267 -0.025857581909268186
-0.082351641980406 -0.053193013502768095
-0.0741717127641186 0.0025792311537367746
-0.08449156693981714 -0.06778341095329865
-0.07478683007574453 -0.0016147505164400278
-0.08167737176972176 -0.04859571661173922
-0.08080789556060344 -0.042667469731387124
-0.07185286760480475 0.01838953905814937
-0.0751045552796607 -0.0037810587249593186
-0.07164352767224683 0.019816856780135228
-0.08175235482042321 -0.049106964684703706
-0.08392971984868763 -0.06395263533196113
-0.07427802005907486 0.001854408688125947
-0.0823127036859275 -0.0529275251313238
-0.08189714750030623 -0.05009418750208787
-0.08497605877312786 -0.07108676436223532
-0.0783563085805929 -0.02595210395858802
-0.08355428620744179 -0.06139286050528489
-0.07281684760286145 0.011816948162308286
-0.08013858244221593 -0.03810397119692677
-0.08483284776969457 -0.07011032570246295
-0.0819692911782067 -0.05058607621504568
-0.08427258629095051 -0.06629036107466252
-0.08349679846416995 -0.06100089861934056
-0.08271684453448976 -0.055683030916975546
-0.08106085464228185 -0.04439219074283082
-0.0809481075301245 -0.0436234604326671
-0.08021494039113024 -0.038624593575887975
-0.07568133752496599 -0.007713664942949963
-0.07236369826393216 0.014906602745917083
-0.07724398189574931 -0.018368058380108965
-0.07304188354142742 0.010282612217540343
-0.0739909555055045 0.003811667007923833
-0.08455358705752061 -0.06820627539218592
-0.07850970577497936 -0.026997993920313754
-0.08037316692341408 -0.03970341084145958
-0.07401116642936396 0.0036738652543366057
-0.08428319749395481 -0.06636271018605545
-0.08007558913113898 -0.037674471348674826
-0.081119374365864 -0.04479118885816363
-0.0843637060941744 -0.06691163246027992
-0.07620951878167315 -0.011314900784135093
-0.07554139240709129 -0.006759493684713402
-0.07206977929227008 0.016910595734522166
-0.0728458867517692 0.011618953965209969
-0.07885329209581211 -0.029340627925991687
-0.07813455309985506 -0.02444013477173912
-0.08345821577792548 -0.060737834849491815
-0.08074660583773778 -0.04224958525730302
-0.07923100202517755 -0.03191592289893785
-0.07241901319184407 0.014529455510153985
-0.07418519902438747 0.002487279379176366
-0.07629389145434236 -0.011890169006879697
-0.07483968680087855 -0.0019751372787173427
-0.08434890315584859 -0.06681070333533123
-0.07356355829283262 0.006725738912504789
-0.07493466315131551 -0.002622703304423976
-0.07503135168331992 -0.0032819432953631184
-0.07135834583952874 0.021761278366849476
-0.08159616044253365 -0.048042003017274876
-0.07946143635955401 -0.033487066087868236
-0.08076074624664294 -0.04234599713620182
-0.07442754160339973 0.000834943613183578
-0.07991602156823831 -0.03658651069253392
-0.07433832143096805 0.0014432629706723349
-0.0770242000907725 -0.016869546073448913
-0.07322829618479512 0.009011616921851429
-0.0802797228678003 -0.03906629228045663
-0.07987230399549558 -0.03628843633292443
-0.07170486353976628 0.019398657683411716
-0.07234396403394429 0.015041154314016175
-0.08490628350892154 -0.07061102392446497
-0.07461197530798865 -0.00042255891810442925
-0.07802235646449159 -0.02367515771244265
-0.08100774145458713 -0.04403005537218497
-0.08333709823612549 -0.059912033428128314
-0.07433432063262589 0.0014705411411870678
-0.07319450404773073 0.009242017856381388
-0.07448580795145696 0.0004376730582479754
-0.08475757988921359 -0.0695971356082744
-0.07860484333316815 -0.02764665908978281
-0.07286483488014281 0.011489762180844423
-0.08308748508796952 -0.058210125599792176
-0.07592341993893761 -0.00936422685639278
-0.07685511728302127 -0.015716708747872357
-0.07724743473123141 -0.01839160044021413
-0.08094679946960301 -0.04361454183820228
-0.08204426101737472 -0.05109723420937311
-0.0712803420773944 0.022293122199583557
-0.07739441445628925 -0.0193937349292449
-0.07575245853907576 -0.008198580948243828
-0.08301843340199455 -0.05773931864996286
-0.07195306084133228 0.01770640335455259
-0.07146864016009767 0.021009271635697657
-0.07408760333244496 0.003152704551511634
-0.07925406051412655 -0.032073139869044615
-0.08290615722790792 -0.056973799281190396
-0.078690224797763 -0.028228805439293195
-0.08437664880858234 -0.06699987824033404
-0.08156746963325542 -0.04784638386310518
-0.07583888485846652 -0.008787851307726267
-0.0743864716937159 0.0011149657246642963
-0.0846613145517025 -0.06894078103433522
-0.08111717985195568 -0.04477622626333415
-0.08138479516212127 -0.046600876105372266
-0.08495952525581758 -0.07097403583511988
-0.07473870950465736 -0.0012866557135729484
-0.0720616387532767 0.01696609940947695
-0.08153473488482159 -0.04762319239651082
-0.07869438751474786 -0.028257187600553617
-0.08132361289828076 -0.04618372430645966
-0.07433480806150641 0.0014672177624562716
-0.08192738088188505 -0.050300324194670704
-0.07666195332101161 -0.014399681734170042
-0.07347169076032936 0.007352108452299819
-0.08008502826102236 -0.03773882905242512
-0.08393096413171065 -0.0639611190798453
-0.07187276019248826 0.018253907778489092
-0.07833097490998688 -0.025779374386274152
-0.07261295517185377 0.013207123828269662
-0.07345292753108298 0.007480039560797819
-0.07416986105421484 0.002591856448535171
-0.08053249209016347 -0.040789718796569056
-0.07598782513914705 -0.009803353221457166
-0.07386397571024746 0.004677438339221893
-0.07302317597490607 0.010410163807458614
-0.07235142386455687 0.014990291832566796
-0.07478385554962755 -0.0015944696565515087
-0.08221473669710712 -0.05225956838936671
-0.07904981098145507 -0.030680529419011858
-0.07390125834874188 0.004423238531305315
-0.08058399476748537 -0.04114087341467302
-0.08110826227418072 -0.044715424596686676
-0.07970480954006662 -0.03514642868227241
-0.07194119929000523 0.017787277568146173
-0.07173943685336863 0.01916293054521384
-0.08461923460278609 -0.06865387229172323
-0.08042574647978457 -0.040061907816712955
-0.07237049870376666 0.01486023611068181
-0.07898277153757934 -0.03022344230167727
-0.08139354394688317 -0.046660526910567074
-0.08185532609688698 -0.04980904156968392
-0.07854445808000195 -0.027234941454558695
-0.08384647330667974 -0.06338504527281635
-0.08336919008493979 -0.06013084148822575
-0.07618338765035297 -0.011136733979679382
-0.08329584788487672 -0.059630781033250355
-0.08267277486010421 -0.05538255586434687
-0.08174525546992893 -0.049058560022242736
-0.07154258915556626 0.020505073939320898
-0.07794124197637205 -0.023122104384354872
-0.07703750940036126 -0.01696029136609952
-0.08306359580253109 -0.058047244108166515
-0.07639896131404257 -0.012606554413926663
-0.08167701125168102 -0.048593258534188714
-0.08261942045009303 -0.0550187757960888
-0.07446969348011125 0.0005475444537869079
-0.0742108412884018 0.002312445760896814
-0.07908740961710446 -0.030936883752984937
-0.07970161338142356 -0.03512463669152431
-0.08417069675539221 -0.0655956596958559
-0.07964674267208383 -0.03475051821875337
-0.07763602640966669 -0.021041089156818266
-0.08038345454092173 -0.03977355368810273
-0.07339007335913551 0.00790859073316691
-0.07355840708775525 0.006760860765305077
-0.08004118859666846 -0.037439922250012206
-0.07974963553624138 -0.03545206047437309
-0.07848268442103483 -0.02681375741614657
-0.07270687278501581 0.012566776465801247
-0.08339514259816524 -0.06030779044203569
-0.0777765996657366 -0.02199954317547688
-0.07320384620783643 0.009178321310206114
-0.08055977139287482 -0.040975714042328276
-0.08320941173383947 -0.05904144363981456
-0.0752980240089858 -0.005100163697630486
-0.08317243925181715 -0.05878935853511694
-0.07752776995559076 -0.020302976969936944
-0.07304412795195617 0.010267309418480683
-0.07625826253875335 -0.011647244582409275
-0.08485028367940295 -0.07022920690502006
-0.08351030121661501 -0.061092962840556916
-0.07330591396307473 0.008482404797217735
-0.07912280296918542 -0.031178202062627863
-0.07168610307426038 0.01952656994822473
-0.0802313713681235 -0.03873662296447843
-0.07620782112780594 -0.011303325871404174
-0.08365190752372222 -0.062058460389015094
-0.07997489901777723 -0.03698794784848107
-0.08483259067000845 -0.07010857275005757
-0.0740126538772879 0.0036637235639461058
-0.08062477204887532 -0.04141890033324076
-0.07895746713953357 -0.030050912315001635
-0.0754836956448968 -0.006366106669750932
-0.07190980233286828 0.01800134773044347
-0.0815426853071738 -0.04767739982163956
-0.07746395151351536 -0.01986785122851381
-0.07595625144364196 -0.009588078024831512
-0.08150320281326898 -0.04740820099956114
-0.07611040042659652 -0.010639093817703518
-0.08063908469069392 -0.041516486527458485
-0.07478192048560373 -0.0015812760382072633
-0.07805817548634487 -0.02391937831598777
-0.07224296538055637 0.015729781496206574
-0.08371935989023337 -0.06251836288795473
-0.07906686961911678 -0.030796838312159847
-0.07430460229716027 0.001673166155725464
-0.07622072585498246 -0.01139131264760769
-0.08133311801822203 -0.046248531942422955
-0.08473045287331199 -0.06941217868167265
-0.07140380373998326 0.021451338136477732
-0.07800948214144532 -0.02358737823712717
-0.08197858771714675 -0.05064946170781874
-0.08261144374062275 -0.05496438914060965
-0.07358677593741197 0.006567436790372874
-0.08465469278539503 -0.06889563262769333
-0.07914458459016069 -0.031326713114731966
-0.08189810181963499 -0.05010069422478392
-0.07223551419936694 0.01578058500431624
-0.07780568211546046 -0.02219783260541222
-0.07514912141197874 -0.0040849187180369145
-0.07372227445123315 0.005643583287046644
-0.07195049889862509 0.017723871145737993
-0.08449421242515401 -0.06780144835332272
-0.07936205788095782 -0.03280948555198508
-0.07630752866113773 -0.011983149962302694
-0.08469956518901602 -0.06920158083420003
-0.07404416167426209 0.003448897675485757
-0.08190273160944829 -0.050132260973511006
-0.07801188337804754 -0.023603750304869588
-0.08220157313999857 -0.05216981686362657
-0.07218756816406365 0.016107489790475146
-0.07361140330082422 0.006399522948925804
-0.08351453670023726 -0.0611218411379813
-0.08214791563576468 -0.051803970243850056
-0.07353469261577268 0.006922550347004397
-0.08106857307921406 -0.04444481644918668
-0.08144654785658989 -0.04702191720402191
-0.0764071502777985 -0.012662388257717046
-0.07831517707276167 -0.025671661859738668
-0.0715516221138689 0.020443485587257462
-0.07341323530797397 0.007750668354722878
-0.07233631299063259 0.01509332051841418
-0.08216536942690088 -0.05192297336523318
-0.07556903809206976 -0.006947986991384755
-0.07876879924567343 -0.028764540311409723
-0.08018175215695844 -0.03839831016108026
-0.07342632273784716 0.007661435878314804
-0.08415100131225738 -0.06546137258357294
-0.07869579036384146 -0.02826675248073722
-0.07650431244222387 -0.01332485756061734
-0.08359155566356487 -0.0616469704333968
-0.08265448286897861 -0.05525783774303594
-0.07567608849049422 -0.007677876071551515
-0.07345975804440577 0.0074334678790515946
-0.08045923533219246 -0.04029024090131221
-0.08309570976081297 -0.05826620291463382
-0.0766170283612131 -0.014093375190089324
-0.0820107384656059 -0.05086867135640383
-0.07446730232853778 0.0005638477599696351
-0.07603152076644291 -0.010101277953019835
-0.08486951777741235 -0.07036034848235691
-0.07512605517012204 -0.003927648887195712
-0.0752269791034982 -0.0046157666147604165
-0.08452723442987642 -0.06802659838552096
-0.08204074869707195 -0.051073286570945134
-0.08389253483514998 -0.06369910114874984
-0.07994752909644412 -0.036801334748482635
-0.07680036843827119 -0.015343421170030805
-0.07473952561700276 -0.0012922201159279167
-0.07871730470311007 -0.0284134411575687
-0.08221763422896436 -0.052279324288393283
-0.07165248612589248 0.01975577641436939
-0.08363037023949241 -0.061911615269266335
-0.07587238055018296 -0.00901623102397471
-0.07950785071549127 -0.03380352760562222
-0.07381798812790837 0.004990990036988385
-0.07165538039931615 0.019736042731935244
-0.07463685455509855 -0.0005921901483992159
-0.07791554332760652 -0.022946886324589855
-0.07217097973169159 0.01622059273846635
-0.07170319740013031 0.019410017726384246
-0.07877243370335651 -0.028789320704703497
-0.07204465180312977 0.0170819195241151
-0.07134347575738946 0.02186266529052633
-0.07263896959170602 0.013029752783822568
-0.07872947192621266 -0.028496399496904516
-0.083174129429646 -0.058800882474859054
-0.07635924527990579 -0.012335763272084861
-0.08117763187478784 -0.045188399146280686
-0.08009663993771006 -0.037817999575295816
-0.07132614491606616 0.021980830117730707
-0.08054244886828783 -0.04085760592014431
-0.08319666056630277 -0.058954503861155236
-0.08471602866807544 -0.06931383182778708
-0.07478511348233535 -0.0016030464704683417
-0.07483936233851869 -0.0019729250353546918
-0.0844067451186824 -0.06720508035465271
-0.0734879218738391 0.00724144176927885
-0.0749062431861261 -0.0024289308144960914
-0.084628364937271 -0.06871612457230218
-0.08442488366156693 -0.06732875223795634
-0.08112235842066373 -0.04481153468634355
-0.0849590840812055 -0.07097102782640113
-0.07671405534740142 -0.01475492282319145
-0.07256109902159427 0.013560688489129905
-0.07710686318553743 -0.01743315808320975
-0.08269104450925924 -0.05550712165404024
-0.07207332032766663 0.016886452311363875
-0.0763918674401229 -0.012558187091747039
-0.0828015265699909 -0.0562604084317561
-0.07863570825062051 -0.027857101708776227
-0.07406536536664493 0.003304327045602684
-0.07487525733417402 -0.0022176636420955936
-0.07493977758596185 -0.0026575744497398385
-0.07260111382762291 0.01328786026620736
-0.083057510557724 -0.058005753802663665
-0.0740843103357838 0.003175156801474052
-0.08008779008634835 -0.03775765967964782
-0.08229534767759743 -0.05280918871089155
-0.07817304776714623 -0.024702598412360673
-0.08032050093155846 -0.03934432453335307
-0.07162900223679011 0.019915893840067353
-0.08180223735438925 -0.049447072870835745
-0.0733418075003452 0.008237676134009941
-0.08127450360716061 -0.04584888823064051
-0.07620153703470108 -0.01126047978205276
-0.0784195212380088 -0.026383099350059946
-0.07577583041035986 -0.008357934616089926
-0.07514824028945424 -0.004078911064460761
-0.08319617468181766 -0.05895119101239306
-0.0753152407099018 -0.005217550294784962
-0.08345702648581681 -0.06072972603965998
-0.08008527341155432 -0.03774050053332484
-0.08488028473040536 -0.07043375952549105
-0.07872617429821671 -0.028473915669659358
-0.08124024075964718 -0.04561527790668532
-0.07210851130109043 0.016646513856201556
-0.08177430918019434 -0.04925665350132501
-0.0823104226013572 -0.05291197228198086
-0.08118899795516966 -0.04526589514888408
-0.08431394320376216 -0.06657234002565103
-0.07720256707471604 -0.018085684600336646
-0.08457356584562419 -0.06834249440198306
-0.07997620599403218 -0.036996859050219474
-0.07195202736829003 0.017713449761658853
-0.07241328922868684 0.014568482531680652
-0.07217933307138741 0.016163638149631315
-0.08005064760711753 -0.03750441550307397
-0.07647735720699447 -0.013141071865871434
-0.076270714436075 -0.011732143882329543
-0.0753916323670434 -0.005738402502568629
-0.07952863450166768 -0.03394523523864326
-0.07341083429243135 0.007767038915240748
-0.08409129042608353 -0.0650542529051149
-0.0779458624757244 -0.02315360778902993
-0.08438003605470196 -0.06702297310024058
-0.08082850652297466 -0.04280799902028171
-0.0717445011727728 0.01912840109473092
-0.0804430236658851 -0.04017970681285295
-0.07392170259796733 0.0042838459229500025
-0.07443356708456773 0.0007938607870381503
-0.08307267097217907 -0.05810912026485726
-0.08233088734094753 -0.053051504597369445
-0.07602106774961857 -0.010030007383763001
-0.07790803439879979 -0.02289568908272585
-0.08190635015525333 -0.05015693287672717
-0.07615837908468802 -0.010966221031963805
-0.07228907178227825 0.015415419666284569
-0.0766171234527602 -0.014094023541546777
-0.07218887745233585 0.01609856282498283
-0.08271084627892177 -0.05564213371992105
-0.08079831303570256 -0.042602134334335684
-0.07908276754628835 -0.030905233270147818
-0.07990360087650926 -0.036501824158017684
-0.08101711948186799 -0.04409399646728176
-0.07476285148085637 -0.0014512600967479944
-0.07844886722327812 -0.026583185613259903
-0.08478050152835831 -0.06975341951153388
-0.07353271707142756 0.006936019967539397
-0.08191882245100283 -0.05024197125683748
-0.08169387861395101 -0.04870826327693867
-0.07728978158013684 -0.01868032895547847
-0.08082540321916062 -0.042786840130640644
-0.071904767949107 0.01803567307427041
-0.07623940828721984 -0.011518692867407983
-0.07294171746884434 0.010965562712424964
-0.07324655484098426 0.008887126084198213
-0.08371696778905777 -0.06250205310721196
-0.07281126990507808 0.011854977919922141
-0.08329933321005323 -0.059654544613999216
-0.0781847113363992 -0.024782122748176413
-0.07569336854090299 -0.0077956945970657915
-0.07430586000313671 0.0016645908877042231
-0.07781364639337092 -0.0222521345002563
-0.07403032403094106 0.0035432452435836537
-0.08024260583445755 -0.03881322159857419
-0.08104915169370899 -0.04431239791165223
-0.0807984044386293 -0.04260275753610887
-0.07415312057018825 0.0027059961123528237
-0.08008126790128049 -0.03771319023600331
-0.07859232430067462 -0.027561302050054172
-0.07953148290246335 -0.0339646561531592
-0.0830825258824883 -0.058176312835147424
-0.07836778162097266 -0.026030329233904526
-0.07675818651554546 -0.015055817151446327
-0.08325506313320113 -0.059352703180916816
-0.08167842739269404 -0.04860291404109572
-0.07351700695871587 0.007043134372391832
-0.07889505500870228 -0.02962537505933374
-0.07972239248431157 -0.035266312393033364
-0.08148205630240997 -0.0472640202437043
-0.07473437853655972 -0.0012571263856344522
-0.07153686034553733 0.020544134007700027
-0.07221576040216388 0.01591526998524627
0.001003636084697293 0.0120536911684775
-0.05002729361458107 0.019431656908132203
-0.027062961588105436 0.016111512518762233
-0.04576967345700775 0.01881609736727823
0.0025214217417481727 0.011834252278301469
0.014011262294150256 0.01017307051168912
-0.01262859483079224 0.014024616120114542
-0.06150313461512799 0.021090814643151035
-0.01466820193133566 0.014319499074409974
-0.058196200095210864 0.020612703628223258
-0.04283773976536394 0.01839220333957069
-0.038734285178558765 0.017798932796900063
-0.05514399119652993 0.020171420413956136
-0.056551507128626013 0.020374916693295327
-0.02822168489186582 0.016279038779546867
0.006136758389956989 0.011311553003861639
-0.021270057591645936 0.015273984230117485
-0.00634649978830594 0.013116361415176761
-0.06737883364992746 0.021940313298784694
-0.016468794445611563 0.014579825702979986
-0.030059858400101544 0.01654479880483396
0.007299234893683934 0.011143484111756538
-0.03325385363736455 0.017006581248775597
-0.06398170809587067 0.02144916261627046
0.028792770218719635 0.008035985028618848
0.023980963250789133 0.00873166796374133
-0.034398807856417773 0.017172116798518232
-0.02728935327350527 0.016144243846771846
0.010161920119183723 0.010729601910479463
-0.04331435118373431 0.018461111014515804
-0.05904558891373201 0.020735506830901012
-0.01062473614486771 0.013734901611306175
-0.06976794125731392 0.022285726446840567
0.01016376371228446 0.010729335366898633
-0.06777486101206191 0.021997570266804132
0.02176681186501868 0.009051786236382841
-0.002869050311642321 0.012613597635418167
-0.026373339868700114 0.01601180817378797
-0.03441390646474005 0.017174299729841934
-0.013838542627192606 0.014199548331642305
-0.017075617206763552 0.014667559114230875
-0.04721138404871928 0.019024537452826885
-0.06596295942358239 0.02173560859136131
-0.06656595155429751 0.021822788176524943
-0.0010934694763087838 0.01235688715320127
-0.02056364995282762 0.01517185300522809
0.016554188571145503 0.009805418519834384
0.0011090329186748682 0.012038453071998814
-0.06527725255473406 0.021636470248877215
0.007226798758505654 0.011153956805999182
-0.0335598358127573 0.01705081963557937
-0.03056018313614485 0.01661713491124986
0.01205198615714359 0.01045633935077442
0.0052076650777329175 0.011445879747797651
-0.06653302542714117 0.021818027772598725
0.006944758990205524 0.011194733639970285
0.019372939197915467 0.009397888308735114
-0.05967509552840618 0.020826519835432218
-0.03104578947888984 0.016687343057188893
0.005081902478498088 0.011464062292265337
0.012294930738874665 0.010421214832933784
0.001199392946591743 0.012025388971577096
-0.01869765533362068 0.014902070650643954
-0.02610366272950613 0.015972818707880403
-0.020294363290896185 0.015132919993864508
0.0032584187038885576 0.011727698500642618
-0.001697027577963417 0.012444148565488687
-0.05883129636035263 0.02070452477499074
-0.006596942081283155 0.013152569939462625
-0.06473926796084102 0.021558689343736052
-0.01758852294627869 0.014741714160907762
-0.01813048112396698 0.01482006956009161
0.027250952337061887 0.008258898457292257
0.013524750146408263 0.010243409617386756
0.006911171261406168 0.011199589697146095
0.021661455411102218 0.009067018494780402
-0.06287370049378171 0.02128896874608892
-0.027001937942075845 0.016102689822950725
-0.0026167920874490824 0.012577126566860108
0.006268744458886769 0.011292470680642876
-0.04696498502431745 0.01898891349749168
0.030566899246260548 0.007779484446323776
-0.02385171708564339 0.01564723620515326
-0.06787574027815817 0.02201215522093853
-0.057383582878811894 0.020495216801755936
-0.012443868203119816 0.013997908655872745
-0.03660439479476065 0.017490996837796723
-0.050936774210299546 0.019563148078597527
-0.01986484107018141 0.015070820395688878
-0.03142666698329433 0.01674240968433171
0.020327762195234522 0.00925984161032754
-0.05228957819108439 0.019758734196301357
-0.014862689495335348 0.014347617758361736
-0.06328697524262106 0.021348719312186175
-0.019783879868270418 0.01505911516167765
-0.04288724819813372 0.018399361185272346
-0.035258058489314646 0.017296345805684045
0.028949474881824033 0.008013328932748332
-0.00653407885497348 0.013143481280237129
0.004838312671307687 0.011499280095714551
-0.056726956030297294 0.020400282799561055
-0.06508799524908632 0.021609107746855854
-0.0656855622087609 0.021695502969941334
-0.03216413388396461 0.016849031404910546
0.0006157679111239156 0.012109768494777266
-0.05470723234048949 0.020108274555251493
-0.004328621842715985 0.012824620025452912
-0.04993787002220021 0.019418728195980756
-0.018015227800606208 0.014803406429003307
-0.028827710116546244 0.016366656884319937
-0.056461429464909785 0.020361893416613465
0.02403513598417177 0.008723835761324563
-0.0699194278752688 0.022307628126544885
-0.0049647991039288575 0.01291659746080899
0.0035981512361633744 0.01167858054416915
-0.02034618077386896 0.015140411678149729
-0.026687683411177797 0.01605725543294137
-0.06643568807535384 0.021803954902460797
0.019618289055040275 0.00936241604023514
0.0022089790356074196 0.011879424717743505
-0.019309711979010442 0.014990560768049704
-0.03867714253930782 0.017790671210502335
0.008881185324916538 0.010914768386759055
0.016305956946869343 0.009841307429368288
-0.039388831084357624 0.017893565939907125
0.03086135852642853 0.007736912020275393
-0.0002170218860094303 0.012230171838941123
-0.06533380422081225 0.021644646393370447
0.004338709620892209 0.01157151186203968
-0.03192450829006907 0.01681438674073288
-0.05914907982121083 0.020750469371741326
-0.02129933713837418 0.015278217417596267
0.018767419572899582 0.009485433314761507
-0.02490819631637494 0.01579998019031927
-0.000578626507693511 0.0122824520252087
0.025027504121916996 0.008580360849843325
-0.059508102768218635 0.02080237630383884
-0.03056835602893128 0.016618316534303318
-0.06662033117754522 0.02183065029072943
-0.008084191790637962 0.013367593993827176
0.028086999558029374 0.008138024160284911
0.027000297285504002 0.008295137741854842
-0.0648590223444377 0.021576003230521112
0.012636356885292119 0.010371852016584271
0.01597008256212823 0.009889867581379051
-0.04747080099947219 0.01906204351799598
0.027906376895119864 0.008164138280223636
-0.05597775484528464 0.020291964555944765
0.031010719639134654 0.007715317642534747
-0.016620698708733152 0.014601787765118047
-0.015300013141868699 0.014410845273523185
-0.028909377011614015 0.016378464146257446
-0.04386046578127718 0.0185400673418714
-0.0583304680741859 0.020632115866147358
-0.031854164903816685 0.016804216612600002
0.02356871703121731 0.008791269826811955
0.0007767901535662147 0.012086488170568739
0.01738293768250941 0.009685599371203458
-0.05474914889955186 0.020114334780658102
-0.052266144470779645 0.019755346188546456
0.023601360818895495 0.008786550243051253
-0.028765761771770197 0.0163577004971234
0.0048293923439745035 0.011500569781594049
-0.044419614722715245 0.018620908152681723
0.015148282961258336 0.010008681981504819
-0.04390701259002913 0.01854679700096807
-0.035457076292739975 0.0173251194640106
-0.01565491181216977 0.014462155924651051
0.004397628806799184 0.01156299342552301
-0.05259257083755789 0.019802540362056562
0.007941198256976548 0.011050670131521462
-0.02647913133049501 0.016027103324890844
0.0071280373928612195 0.01116823555765862
-0.06467167838527618 0.0215489173569074
-0.04773500486935934 0.01910024166785918
-0.015190115831730862 0.014394956505792414
0.029641270319077026 0.007913310315314163
-0.038770671994594 0.017804193541387084
0.005865320505815605 0.011350797035303768
0.02880486181274182 0.00803423684635058
0.0019054294020620782 0.01192331141175006
0.011977502319521993 0.010467108098382362
0.02330845516793162 0.008828898048009886
-0.042607953296395294 0.01835898119947884
-0.03521146831084323 0.01728960987626649
0.006029669631780837 0.011327035715887107
-0.04198676384915214 0.01826917067698585
0.024004706284031216 0.00872823523604368
-0.052294376916131965 0.0197594279878745
-0.007328416268489277 0.013258325243637004
-0.011337726911644787 0.013837984613731777
-0.05145587128950732 0.019638198258723948
-0.018756347953671038 0.014910556330651234
-0.053956898879679555 0.019999792609110296
0.0020937106378123987 0.011896090028268087
-0.02749964589857449 0.016174647599793902
-0.03769795424166113 0.017649101818071486
-0.061813236605183716 0.021135648665809696
-0.01996825464729511 0.015085771756235438
-0.05779929596585804 0.02055531989867827
-0.05267247577019138 0.01981409288243731
-0.06490657273810337 0.021582877986231812
-0.04936184512966518 0.01933544748862629
-0.02433143214463241 0.015716592599223964
-0.062098603967207316 0.021176906597668528
0.006429372867384833 0.011269247296281712
0.002555341138130149 0.011829348269186003
-0.0032040933639271296 0.012662037594784644
0.004082829580135561 0.011608506566727388
-0.060281029471563406 0.020914124742876638
-0.05455060641073904 0.020085629842516488
-0.006084575405714873 0.01307849282974191
-0.05472224777589148 0.020110445461574672
-0.038223588502629684 0.017725097132910317
0.026821222733985642 0.008321028038459907
0.02258848670085295 0.008932989874575479
-0.04819522653727027 0.01916677974032823
-0.021792046456358342 0.01534945249971446
-0.005532555034390152 0.012998682655574481
-0.02733534252782712 0.016150892895589464
-0.05936311323609397 0.02078141396184491
0.017056899376738044 0.009732737439507753
-0.0215840314485026 0.015319378040747364
0.02548017648559482 0.008514914243046533
0.011313651616452577 0.010563086513283963
-0.017306003762542245 0.014700868013861529
-0.03841363633722682 0.017752573928273757
0.021227538844273794 0.009129753420104993
0.022452919835025648 0.008952589903369787
-0.056294575393870325 0.02033776993646318
-0.04693640638269487 0.018984781645690826
-0.03749936153456689 0.017620389619455452
-0.029273655990793637 0.016431130986620766
-0.06997948021160824 0.022316310392039747
-0.039323475752875 0.017884116976319277
-0.02280404424030022 0.015495765432332562
-0.023819992260314338 0.01564264948341894
-0.004480964921009897 0.01284664553074842
-0.009177983596619407 0.013525732568185938
-0.024247898175128936 0.015704515398813824
-0.031778936445727525 0.016793340209020846
-0.06627210213948799 0.021780303923781396
-0.04151187552298872 0.0182005121238056
-0.007228757927437546 0.013243916808786152
-0.0075451333318831 0.013289657831115628
-0.004941545556581287 0.01291323550215633
-0.049668278292496086 0.01937975107843317
0.01547947103621751 0.00996079936825771
-0.025253479898076067 0.015849900708155576
0.03196928801549996 0.007576729443542174
-0.034856669239827213 0.017238313625035258
-0.05574354928401234 0.020258103510941542
0.012405685443732634 0.010405202104520584
-0.025632963130705427 0.01590476575383693
-0.037820260211100375 0.01766678460883379
-0.05493299548729241 0.020140915010210952
0.005276859539669346 0.011435875729204431
-0.00883237523426881 0.013475765094111154
0.03163213413484092 0.007625474582914564
-0.04576930524044655 0.018816044131148898
0.022681490320359654 0.008919543568140773
0.03175892672238981 0.007607143124473761
-0.07062890212404321 0.02241020271672914
-0.0601222793069843 0.02089117291185315
0.032348532182656056 0.007521898961543703
0.03244410574066027 0.007508081097735864
-0.0063863034233476446 0.01312211615759243
-0.04335977426379995 0.01846767820681445
-0.07025289824739203 0.02235584071046632
-0.01597364543801434 0.014508237894652675
-0.04349501490298614 0.01848723107031125
0.02508332558861026 0.008572290276345505
0.019312896294289228 0.009406569210464207
-0.07036162434799588 0.022371560146698197
-0.07097823973896232 0.022460709359849975
-0.03567364556066898 0.017356430683470214
0.015750678904054863 0.00992158859218484
-0.06131797939717738 0.021064045214049743
-0.051146095150986226 0.019593411347130538
0.021848330018492235 0.009040000479254134
-0.05149810890300954 0.019644304901639934
-0.02766087228454519 0.016197957438729423
0.02259644072959048 0.008931839894517039
-0.013043363222070212 0.014084582634516176
-0.060081514484728954 0.020885279202611413
-0.01169952176095989 0.013890292302789382
0.024172477589150823 0.00870397914373723
-0.02716507897401381 0.01612627647817067
-0.030933178929977635 0.01667106201397267
-0.025991227333881047 0.015956562988030994
-0.015832547354912622 0.014487838171794597
0.010262546474813436 0.01071505352171372
-0.06575914754428978 0.021706141813632257
0.008964562924522274 0.010902713794044972
-0.02981844039385459 0.016509894996701868
-0.04409336883217952 0.01857374007212234
0.02085089719231069 0.009184207634846647
0.006031647217354802 0.011326749799900511
0.013618301125355156 0.010229884174647447
-0.05249532551301727 0.01978848079706274
0.022703492722432522 0.008916362497961563
0.031332911098906666 0.007668735744736385
-0.009841884089419856 0.013621718181602871
-0.026760261288478138 0.016067748620020937
-0.062422391562130794 0.021223719261994813
-0.04194421543064701 0.0182630190984068
-0.01229781636589368 0.013976792727599087
-0.025922454630083122 0.01594661994651804
-0.02021758923198988 0.015121820129926248
-0.0035200189480909805 0.012707713582856528
-0.025802971996689295 0.015929345348918933
-0.05503397058631951 0.020155513819708846
-0.03547275548590229 0.017327386335311175
0.030429985152563982 0.00779927925505099
-0.028090524234971104 0.01626007579300787
-0.03629373085907026 0.01744608156998606
-0.04498712746121648 0.01870295818716383
-0.039498891766405565 0.017909478327673093
0.022256579715953906 0.008980976426609074
0.01924527564336019 0.009416345690116599
-0.055355764822415165 0.020202038287578095
-0.019903794979376152 0.015076452286174866
0.02972716240116112 0.007900892182964657
-0.06520164388377493 0.02162553887476264
-0.03135580256511618 0.016732164226281855
0.026221285914004022 0.008407765891951224
-0.07070183858928343 0.022420747747848205
-0.02397985622433156 0.01566576234568649
0.0014667047453821441 0.011986741482595351
-0.042262770950611595 0.018309075318160714
-0.07101233489580294 0.02246563878011609
0.030306395095543975 0.007817147697029786
0.011516003406497735 0.010533830832795507
-0.033818071821223226 0.017088154962104564
-0.018053201155080134 0.014808896552541705
-0.052425561812201885 0.01977839447887256
-0.01533452454648234 0.014415834874190217
-0.017948330788595313 0.014793734571845105
-0.014006820148915605 0.014223877611891412
-0.0013575350625232158 0.012395065310244322
-0.014836941789030993 0.014343895198414119
-0.04814942752627607 0.019160158196570035
0.0025505797410297765 0.011830036663947502
-0.01491554953226841 0.01435526017334001
0.023962399274548962 0.008734351912113403
-0.06033880808369912 0.02092247827716132
-0.024055907827497745 0.015676757758192446
0.01572995186657354 0.00992458527230262
0.011034711976760342 0.010603415135890071
-0.03262223233878886 0.01691526250681285
-0.06620124241332007 0.021770059144094467
-0.039605633368051514 0.01792491084839299
-0.0403096800984962 0.01802670073713198
-0.00227584853434204 0.012527833523037404
-0.035404524072277434 0.017317521552618426
-0.06478116812158913 0.021564747198302044
-0.06266022686934006 0.021258105089543143
-0.02117600239697101 0.0152603858887187
-0.03672289721329398 0.01750812971758467
-0.012207458411442607 0.013963728926955557
-0.06052515461106436 0.02094941994376834
0.03156613745094963 0.0076350162721518615
-0.04995816833821494 0.01942166289227204
-0.06014957445838609 0.020895119198802808
-0.05158639826567192 0.019657069628771843
-0.035611190217482575 0.017347400995298686
-0.030484788532025645 0.016606234486557923
0.010083659936887868 0.01074091663563067
-0.013110619360734994 0.01409430641360024
-0.0637395510141251 0.021414151953849412
0.010036314427167903 0.010747761769566086
-0.06769475250939937 0.021985988314611956
-0.05779391394808754 0.020554541775627114
0.0006436128810355657 0.012105742715994858
-0.04936406500011476 0.01933576843375153
-0.018717393009383312 0.014904924290513249
-0.03551722384919273 0.017333815496268827
-0.006385918133769458 0.013122060453075103
-0.03888250160551657 0.01782036167790601
-0.027461002091429015 0.016169060543339133
-0.04595137468227134 0.018842367423942845
0.021810001034390555 0.009045542019124256
0.012289029991658873 0.010422067953013175
-0.06976084790931224 0.022284700902551167
0.009792181255045176 0.010783058131800697
0.02945925498240684 0.00793962578567612
-0.02347654795855366 0.015592994885574023
-0.020084475784006545 0.015102574812145525
-0.04900802890696358 0.019284293335946542
-0.036733511467896794 0.017509664308611585
-0.023850961142928152 0.015647126912230577
-0.0386261272213503 0.01778329550188197
0.005123373536496362 0.01145806647665113
-0.042251210516751264 0.018307403930132714
-0.06945561040268801 0.02224057017870188
0.030783571766205234 0.007748158298861895
-0.022313125126595938 0.015424789174929534
-0.04639351811036088 0.018906291774991934
0.028001622682719884 0.008150367804907969
-0.040552109681949916 0.01806175079739035
-0.0068175972373863 0.013184471889742597
0.03172931930200605 0.00761142371537262
0.008943351026716673 0.0109057805744506
-0.05291753787718037 0.019849523548508004
0.031015106063399883 0.007714683460713271
-0.04293032216766747 0.018405588747132648
-0.028198427211872053 0.016275676223403188
0.009789826779265154 0.010783398537937567
-0.02381806465896949 0.015642370794067877
-0.05166876736636324 0.01966897841441396
-0.046335040777250244 0.018897837220807265
0.005474477204182676 0.011407304500600094
0.003493026278542491 0.011693779333222774
-0.03302927974384019 0.016974112734049182
0.031914933020651265 0.007584587997014275
0.012681280117164878 0.010365357091494234
0.018720276327437183 0.009492249205671733
-0.06953479603000136 0.022252018703132724
-0.035090647021923015 0.017272141738109353
-0.05544259536542966 0.020214592101025976
-0.03034519080899331 0.016586051683227947
-0.016526311687690268 0.01458814144882269
-0.0011617227705730676 0.012366755099359961
0.024876902264791265 0.008602134612319335
-0.033497836896636275 0.017041855936863075
-0.013665645529188877 0.014174551160846585
-0.013724974462822587 0.014183128837998446
0.00936537707157764 0.010844764760735762
-0.05072654133654149 0.01953275296431925
-0.06945433747760825 0.02224038614134095
-0.009492841046790906 0.013571254127246878
-0.03733270786766199 0.017596295113396915
0.013249989295422426 0.010283134077770251
0.027034981888174617 0.008290123100504873
-0.034795289658468835 0.01722943946869429
-0.016259147900026548 0.014549515359039982
-0.0242999613615894 0.015712042606494853
-0.023830979177016924 0.01564423795330365
-0.043910944274136915 0.018547365437224614
-0.04830603052052729 0.019182799593329247
-0.010763948025135202 0.01375502863014003
-0.04218916086202651 0.018298432895714676
-0.06949413288952637 0.022246139694871284
0.02526410608035555 0.00854615333777992
-0.0016200476384150564 0.012433018935674466
0.000395564427451256 0.012141605143019096
-0.05751303847822599 0.020513933273960384
0.004054558525931756 0.01161259394805806
-0.04815259898684103 0.019160616720989065
0.021693275012078475 0.009062418070542871
0.012281993222561974 0.010423085317219954
0.008675693930119535 0.010944477986006814
-0.0643891095368617 0.021508064029425785
-0.02903860703985745 0.016397148005762523
0.018651497774147582 0.009502193092894325
-0.007398669438644492 0.013268482328478721
0.003862896881913297 0.011640304065265547
-0.056064918554151556 0.020304566537949622
-0.04418898906144311 0.018587564683582136
-0.07092029323440291 0.022452331551961868
0.005356856746590033 0.011424309867962886
-0.012887487502622384 0.014062046385921309
-0.056455134906924845 0.020360983360037326
0.016098484781374295 0.009871303405102512
-0.03551863387417934 0.017334019355303036
-0.03736730858086239 0.01760129762614878
-0.06262247137056681 0.021252646463214477
-0.03473385480010777 0.017220557320497508
-0.0310742248282406 0.016691454192034785
-0.04868005873564802 0.019236875961780437
0.02977248531148048 0.007894339473038968
0.018429614291615562 0.00953427263253751
-0.04371342645386038 0.01851880864393162
-0.0518851921707624 0.019700268747580105
-0.050732784617796796 0.019533655607392307
0.010890016353642479 0.010624334985015546
0.017656402710977945 0.00964606225865379
0.026277023786071038 0.008399707404423465
-0.06800457690255096 0.022030782202778453
0.006730223132174695 0.01122575087245667
-0.06281455476649761 0.021280417556602062
-0.02358969856202238 0.015609354008967092
-0.05756045476764139 0.02052078864110478
-0.0521931592783751 0.019744794112536157
-0.017615153804224147 0.014745564405429998
-0.053671148634773555 0.019958479320690153
0.02692883616041046 0.008305469470784031
-0.05991019828601104 0.02086051059556786
-0.029440618184993016 0.016455270099035135
-0.00592371842253811 0.013055236398439245
-0.03521299268816136 0.017289830268167907
-0.03785492534833629 0.017671796435904042
0.020682431457392 0.009208564126642121
-0.017064201664765896 0.014665908674423985
-0.055419608155887784 0.020211268649044017
0.006503191262016872 0.011258574757298766
-0.049206174935476285 0.01931294095452669
0.016348367637098807 0.009835175763311017
-0.0506106054625361 0.01951599115121004
0.029926073126551836 0.007872134005799733
0.022754780645926495 0.008908947376492555
-0.028368259238289693 0.016300230251318992
-0.005220294189099889 0.012953536509267454
-0.039722272741652444 0.0179417743722871
-0.02725129385164486 0.016138741279755883
-0.035575797334089006 0.017342283951916483
-0.06514585851255567 0.021617473519887565
-0.04940283448740852 0.01934137366083015
-0.05535047767847556 0.020201273881225383
0.02733142684716018 0.008247263588362384
-0.03608144182059964 0.017415389178881878
-0.03348467779982405 0.01703995341684203
-0.031000129115412847 0.01668074155885487
-0.0541134773174624 0.020022430455536734
-0.008412611865893121 0.013415076414345993
-0.00513871414261545 0.012941741803751631
-0.05870818452137026 0.020686725472969195
-0.04180922494164155 0.01824350240120119
0.0036205130728447915 0.01167534750754051
-0.027754968142542732 0.016211561659162804
0.0060018712731367 0.011331054755691081
0.02560467412991071 -0.037319618155580395
0.020580793560040358 -0.06997484185973768
0.018581856120543826 -0.08296793521646514
0.019607435922402446 -0.07630166650438411
0.03179849924155768 0.0029402450701248983
0.02820739826215332 -0.020401911296003414
0.02940628433245595 -0.012609151839036343
0.029417874829464605 -0.01253381360848008
0.01902070410341258 -0.08011542332781824
0.021692962969627624 -0.06274574069742045
0.02159875673362592 -0.06335808123143152
0.029557990129717236 -0.011623064156837965
0.027720035033282842 -0.02356977228366153
0.0221994723948774 -0.05945342943329691
0.02581978763605191 -0.035921380365662614
0.03031378605114443 -0.006710390667561201
0.027849107954634588 -0.022730798294875194
0.024101846081601423 -0.047088000469590746
0.02903181975749355 -0.015043171576291921
0.025049551668061616 -0.0409279141575995
0.028615522666854132 -0.017749102665448154
0.024356342586868016 -0.04543377318535789
0.03062884451623669 -0.004662510644461515
0.03070105793585919 -0.004193123416915277
0.029125271226454513 -0.014435737028045677
0.02801823522007011 -0.021631471069544304
0.021073924369119004 -0.06676949160072648
0.027155568184562703 -0.027238806800342442
0.025278154970586074 -0.03944199269119054
0.02577668094840138 -0.03620157383539102
0.030590871839510852 -0.004909333043179481
0.02637708208070252 -0.032298966475433635
0.02239553192118595 -0.05817904251229133
0.03149671381119199 0.0009786397727479367
0.02225907304435288 -0.059066025211706306
0.018010065456991662 -0.08668457452955422
0.03177138287865087 0.00276398871123063
0.0318690181435816 0.0033986179332803675
0.0318008342267226 0.00295542247369689
0.02354226126846816 -0.05072530175495698
0.032397309244996744 0.00683251009247883
0.026130692455188058 -0.033900499041277635
0.025503171758341367 -0.037979383570781136
0.031593177280569235 0.0016056523237000138
0.030868576741320805 -0.0031042511814147813
0.017950612489656206 -0.08707101881723467
0.02086124521756287 -0.06815190608584135
0.028158045878749656 -0.020722701788127247
0.030006230531749795 -0.008709501543626347
0.02368698530471495 -0.049784595519352846
0.028948422152540294 -0.015585256008488098
0.02316212982962993 -0.05319615610740546
0.01855329507478279 -0.0831535820139119
0.0269213571760274 -0.028761178355821905
0.029022916811570165 -0.01510104072479395
0.03234127500906388 0.0064682875589151916
0.021740385055496785 -0.0624374971392709
0.025188137673861088 -0.04002710511990294
0.027667881569044678 -0.023908769801209616
0.029291329980842846 -0.013356355124521505
0.02560819292997256 -0.037296745955178366
0.024431708873877377 -0.04494389231979708
0.02792816978757731 -0.022216896380747485
0.026808003217658874 -0.029497979085217334
0.02045435086483805 -0.07079671937855267
0.017809540411347715 -0.08798798732623986
0.029922815041031933 -0.009251702233292438
0.028347265022556044 -0.01949277735338572
0.030820609483280532 -0.0034160383586765448
0.022271883773179284 -0.05898275547433466
0.019931514478737526 -0.0741951558882061
0.023348228382032824 -0.05198651551678666
0.026814731224695566 -0.029454247039478826
0.02036020804653236 -0.07140864769753968
0.020313366332241248 -0.07171311884043191
0.018207862832649423 -0.08539889158777875
0.019318245353832773 -0.07818140520008698
0.026251539963522957 -0.03311499023710079
0.03009236590880351 -0.00814962159277718
0.029295561025415792 -0.013328853334797351
0.01802529619619769 -0.08658557472471504
0.02879916455705648 -0.016555430379132898
0.01816254524746437 -0.08569345589148161
0.031127899108724186 -0.0014186557932928043
0.028765252711969735 -0.016775857372196744
0.029314793860742004 -0.013203839905176974
0.018898551345678808 -0.08090941625308776
0.030383592439750386 -0.006256649141622503
0.026484868807329268 -0.031598352752359775
0.022130598427500904 -0.05990111022124412
0.032447819954695076 0.00716082970551797
0.02281289726503733 -0.05546616777725737
0.026608730578898704 -0.030793251237158446
0.0280464786117069 -0.021447889023905146
0.024300749154845473 -0.04579513049350444
0.028565017982599212 -0.018077383113105135
0.028483449126566154 -0.01860758067732001
0.01847629829041176 -0.08365406111232357
0.021085332351304043 -0.06669533971652372
0.031766349059269824 0.0027312688852538583
0.03200055164798927 0.004253585711930258
0.02878265667404209 -0.016662731618726428
0.022008434606414166 -0.060695175058307925
0.017688673906847793 -0.08877361960548935
0.029965140341767497 -0.008976587778511274
0.021772899022551508 -0.062226156353415225
0.027230495510155668 -0.02675177918398817
0.03241643513701984 0.006956828390628953
0.027195731925272578 -0.026977742485728255
0.027865780809689274 -0.02262242473701972
0.023716529250291014 -0.04959255987310842
0.018188800107588388 -0.0855227993006755
0.024468973454807807 -0.04470167254374927
0.021114245922626895 -0.06650740150292517
0.026709232317146104 -0.03013998993855034
0.03221308059722694 0.005635023881975082
0.020429340080293255 -0.07095928947809385
0.02189551403419656 -0.06142915877772238
0.021723228751763277 -0.06254901311353872
0.024559987639523564 -0.044110080343096846
0.03031839587264092 -0.00668042682783403
0.025665750695455746 -0.03692262047953766
0.018060116696333797 -0.08635924147383034
0.023721340328126592 -0.04956128786717716
0.021856383965690458 -0.06168350422301203
0.0301894206821105 -0.00751876556628174
0.018262797657179967 -0.08504181522833021
0.019919731960398805 -0.07427174225740776
0.023192581397165513 -0.052998220918424196
0.029801426611658285 -0.010040727024221156
0.0236321081021175 -0.05014129733623626
0.025112150636469616 -0.0405210208629475
0.01867503117135815 -0.08236229738617204
0.031107878521353473 -0.0015487896112024255
0.021398373646888416 -0.06466057129522532
0.031035228057970144 -0.0020210176231940796
0.020538044073241578 -0.07025271352392976
0.031493923412248645 0.0009605021796161815
0.029595850958929793 -0.011376968766956347
0.019363900755709575 -0.07788464508788778
0.027658256801399373 -0.02397133079090409
0.023377860373215827 -0.05179390757409714
0.028489677337958725 -0.0185670973032683
0.03228800317342255 0.006122020627246563
0.020204039521847815 -0.07242374310798924
0.030358945528310283 -0.0064168540659831665
0.028447473442419928 -0.01884142262427049
0.027625847566644414 -0.02418199081681132
0.024199307737845108 -0.04645449970400681
0.02342144150568146 -0.05151063021307052
0.027824093453309738 -0.022893392553486706
0.030735305115440273 -0.003970516749638227
0.02293982987049399 -0.054641105841789064
0.01898453311315235 -0.08035053476450973
0.032424060729114884 0.007006394739246721
0.024319033874219437 -0.04567627981757369
0.024136949358481978 -0.04685982916986716
0.027753910665413793 -0.023349580674810348
0.0193153744368186 -0.07820006616067912
0.02729874078561084 -0.026308184893529554
0.023858818434657453 -0.04866768017472658
0.03196713471656768 0.00403637565768992
0.03222092628041607 0.005686020822704434
0.026647212111453246 -0.0305431212755539
0.02453670973267108 -0.044261386737638006
0.02734743753333644 -0.025991656033313153
0.02112476515739085 -0.06643902647695948
0.021598106421910537 -0.06336230825758152
0.021846516512420772 -0.061747642669265
0.023477896277505673 -0.05114367419621314
0.03243592524138785 0.007083514069021022
0.01963721359594927 -0.07610811162632977
0.03000552208648918 -0.008714106437820349
0.0270757892616857 -0.02775736979904296
0.02744663827984688 -0.025346851180995292
0.03199950888137244 0.004246807728920887
0.032217351765127925 0.005662786473331484
0.0288918119846472 -0.015953222099793204
0.025254832525751347 -0.03959358858261626
0.017596336014506348 -0.08937381590570875
0.02292216720296265 -0.05475591318074278
0.023368504126651146 -0.051854723176767564
0.028885758293761297 -0.015992571090551567
0.018038101858623964 -0.08650233791894427
0.031187624114767616 -0.0010304432540104939
0.017624972724246638 -0.08918767729239688
0.02362778437763933 -0.05016940154534438
0.028207965431853756 -0.0203982246929506
0.018513192013405524 -0.08341425191286411
0.025139466438445706 -0.040343468150102924
0.025395518174912476 -0.03867913186306893
0.018157579058160678 -0.08572573612195564
0.01842404747683627 -0.08399369140056426
0.020782677075789673 -0.06866259900736713
0.027317745946389804 -0.026184651348466287
0.02340730536650168 -0.0516025151177391
0.019566110900355108 -0.07657027914769182
0.02243756297481918 -0.05790584066367533
0.02907894306374602 -0.014736870085650899
0.02202415746519675 -0.06059297647622113
0.03041201689032871 -0.006071890212863392
0.022587947489990642 -0.056928341315060825
0.02301515125520344 -0.05415151684117766
0.019423483481448678 -0.07749735737058361
0.024168701090105167 -0.04665344291431644
0.025016159496587233 -0.04114496327218299
0.03097251901721151 -0.002428626388125193
0.0200397335088561 -0.07349173219243535
0.018543900831505554 -0.08321464459521391
0.03016987492651653 -0.007645812977642578
0.03241911526920327 0.006974249249821242
0.031080050692198363 -0.0017296705007106578
0.03166569110137814 0.0020769921589578804
0.03101232092699569 -0.002169913974528011
0.02640939120229783 -0.03208895718506411
0.01987708293323783 -0.0745489609339541
0.02021229150124077 -0.07237010524193499
0.027758847662013798 -0.02331749019691033
0.019278531116777194 -0.07843954774094825
0.024220173394422992 -0.04631887293625056
0.031059717755698834 -0.0018618345879575868
0.024484044764407926 -0.0446037090313485
0.017723335318620064 -0.0885483204289696
0.02513678359196759 -0.04036090665221067
0.021295771070606553 -0.06532748804105742
0.020600982487573326 -0.0698436138307734
0.024645947131715286 -0.04355134364385067
0.022028104269350493 -0.06056732224922181
0.032211362558374056 0.005623856629431346
0.03200031241602371 0.0042520307041541226
0.028816203270397356 -0.0164446787424172
0.024322527523266184 -0.045653571098769816
0.02358301358886231 -0.050460411672395
0.020960102874785627 -0.06750933131389344
0.0281850834741851 -0.020546957417796843
0.030458660360561912 -0.005768707656347578
0.02721648131090971 -0.026842871479086906
0.02836793149364488 -0.019358445291308292
0.02702752651810316 -0.028071077632329453
0.03196030827042723 0.003992003757776959
0.017586423364232835 -0.08943824813248658
0.02359806498792174 -0.050362577578508705
0.024323064685180328 -0.04565007954632788
0.026106362211822935 -0.034058645623150925
0.024736038483304763 -0.04296574985851906
0.03228421533860275 0.006097399700917851
0.029077027931701208 -0.014749318443942151
0.01813095157030585 -0.08589881479301198
0.022272243844783764 -0.058980415008905544
0.02618739784047398 -0.03353191403691915
0.029933690216454315 -0.00918101359304696
0.029014987358400628 -0.015152582170395928
0.02731657524218834 -0.02619226092577579
0.020036041175263468 -0.07351573236078748
0.023842427519415562 -0.04877422112379886
0.030171125519277538 -0.007637684124696021
0.018514228896444693 -0.08340751217310952
0.018731616004006347 -0.08199449597395875
0.027528820325167555 -0.024812667886410893
0.018150392405726586 -0.0857724493627772
0.03233103710606298 0.006401741189409365
0.020889756916768816 -0.0679665800410027
0.018029264639829734 -0.08655977984110677
0.024161251285130962 -0.04670186664664876
0.029074986519923584 -0.014762587620496703
0.03229603653596586 0.00617423748377808
0.02595081649853969 -0.035069692759492024
0.02804846490936524 -0.021434978089125947
0.02258374864132904 -0.056955633831361256
0.019649067985786764 -0.07603105809238606
0.03239831091415076 0.006839020941979948
0.025993229110618597 -0.03479401078097913
0.029984942698800955 -0.008847872457793796
0.019128352829942852 -0.07941570660537148
0.020199457593926183 -0.07245352563947982
0.020574845799212545 -0.07001350230511849
0.026250896813074336 -0.03311917071501683
0.022850974325029194 -0.055218666887310246
0.03244318728793145 0.007130717371554402
0.018000136085187503 -0.08674911544628125
0.020283667734320752 -0.07190615972691514
0.027587525600773807 -0.024431083594970267
0.028194389649102734 -0.020486467280832237
0.021745630284731757 -0.06240340314924358
0.025984903891854944 -0.03484812470294288
0.025003927844226823 -0.041224469012525675
0.023427949098783075 -0.051468330857910013
0.01974889332392745 -0.07538219339447161
0.023686501326113732 -0.049787741380260764
0.03119485389927796 -0.000983449654693271
0.02921874835295116 -0.013828135705817465
0.020753690832349857 -0.06885100958972595
0.020851644907977508 -0.06821430809814621
0.023918734777776025 -0.048278223944455856
0.020773405214868562 -0.06872286610335435
0.031143538334637046 -0.0013170008248592022
0.026801358859205583 -0.029541167415163723
0.025223885582025443 -0.03979474371683464
0.03186622722347684 0.003380476952599431
0.018142118764342317 -0.08582622803177498
0.019404400989833134 -0.07762139356608463
0.021665899047537324 -0.0629216561910074
0.023525605968514225 -0.05083356120465755
0.023003097825101224 -0.05422986413684204
0.019714476716652236 -0.07560590134176048
0.027653196999287477 -0.02400421950463142
0.017571069473702364 -0.08953804842093463
0.01906846604659091 -0.07980497069715908
0.02684564099812372 -0.029253333512195834
0.028796396095094278 -0.016573425381887198
0.026633998171292063 -0.030629011886601602
0.02018505575492529 -0.07254713759298562
0.01784488714334019 -0.0877582335682888
0.02205322655869498 -0.06040402736848265
0.02000383254169511 -0.07372508847898179
0.03171730178273688 0.0024124615877896957
0.01939751293558937 -0.07766616591866912
0.0282289648763462 -0.02026172830374972
0.02062787625150446 -0.06966880436522102
0.020389546079671955 -0.07121795048213231
0.026630415209740264 -0.0306523011366883
0.023063149097103237 -0.05383953086882897
0.02179710621632633 -0.06206880959387887
0.026778061449725256 -0.029692600576785848
0.02684790161205667 -0.029238639521631644
0.022981296471089683 -0.05437157293791707
0.028546554960788117 -0.018197392754877233
0.02503337964294305 -0.041033032320870175
0.025104334154706413 -0.04057182799440834
0.023583258720030132 -0.05045881831980415
0.026307094209381068 -0.032753887639023066
0.02779485919882961 -0.023083415207607542
0.020955787192225656 -0.06753738325053324
0.028109457704491275 -0.021038524920806732
0.017865927927898498 -0.08762146846865976
0.031132752304620082 -0.0013871100199694675
0.023191071019017684 -0.053008038376385076
0.029920304405158766 -0.009268021366468034
0.02587833581047818 -0.035540817231891834
0.025581417628950557 -0.03747078541182139
0.03087814523196805 -0.0030420559922076824
0.018784304023045297 -0.08165202385020559
0.025756120901275107 -0.03633521414171182
0.022072999103098914 -0.06027550582985707
0.022716214550935594 -0.05609460541891866
0.021682832826991114 -0.0628115866245578
0.027451622708705166 -0.025314452393416426
0.025244936439478557 -0.039657913143389394
0.030583119193500083 -0.004959725242249472
0.02621993617252308 -0.033320414878600005
0.01987712610549497 -0.07454868031428269
0.018624665073721045 -0.08268967702081323
0.0314879549879765 0.0009217074218472367
0.024225658028823795 -0.04628322281264535
0.03091531971922283 -0.002800421825051618
0.019657162141034232 -0.07597844608327753
0.020306043414793043 -0.07176071780384524
0.02706005413307725 -0.02785964813499788
0.018220512415127392 -0.08531666930167195
0.028293948374235187 -0.019839335567471285
0.03204906747855515 0.004568938610608431
0.020803300159288964 -0.06852854896462174
0.024927503936562633 -0.041721224412342904
0.02091035570629922 -0.06783268790905508
0.020527708048818087 -0.07031989768268243
0.01959933998735345 -0.0763542900822026
0.030114763995008693 -0.008004034032443506
0.020307075337027414 -0.07175401030932183
0.02898743460749973 -0.015331675051251752
0.019520299281514875 -0.07686805467015334
0.02711387662522033 -0.02750980193606787
0.02480387574195533 -0.04252480767729036
0.021891434355415164 -0.06145567668980146
0.02468537083991644 -0.04329508954054315
0.026101959405686343 -0.034087263863038786
0.021011146862940235 -0.0671775453908885
0.020866123367341664 -0.06812019811227918
0.03020288976771743 -0.007431216509836698
0.02327467960525552 -0.05246458256583912
0.02500295706238923 -0.041230779094470024
0.027267865979344025 -0.02650887113426384
0.02168761071156962 -0.0627805303747975
0.0220058821666229 -0.06071176591695115
0.01982779806764524 -0.07486931256030596
0.021411970675590652 -0.06457219060866079
0.029423077634631332 -0.01249999537489634
0.02906293021517964 -0.014840953601332363
0.026015408171986283 -0.03464984688208917
0.030923307513374455 -0.002748501163066054
0.02897676222848522 -0.015401045514846074
0.02749328576677948 -0.025043642515933384
0.030303445430844764 -0.006777604699509034
0.019493747745730327 -0.07704063965275287
0.02554649652182838 -0.03769777260811553
0.020115300080750825 -0.07300054947511966
0.027266981964461402 -0.026514617231000896
0.029731374646071614 -0.010496064800534517
0.031199749867508363 -0.0009516258611956454
0.02243099328463061 -0.05794854364990105
0.024267331100350495 -0.04601234784772178
0.02994693157785546 -0.009094944743939504
0.03003339741440452 -0.008532916806370621
0.01992197526584676 -0.07425716077199607
0.02828541104789524 -0.019894828188680956
0.02134590285011573 -0.06500163147424776
0.02043888922363029 -0.07089722004640311
0.02791652738383215 -0.022292572005091035
0.028415663618942957 -0.019048186476870798
0.018062071707077305 -0.08634653390399752
0.026690625107127566 -0.03026093680367082
0.02560025592590171 -0.03734833648163891
0.031116847790044342 -0.0014904893647117827
0.017906656322360638 -0.08735673390465587
0.02046485943842922 -0.07072841365021007
0.023601222527959233 -0.050342053568264995
0.021671698375956405 -0.06288396055628337
0.02318263209133846 -0.053062891406300036
0.024509915361370163 -0.04443555015109397
0.030396296839968265 -0.006174070540206293
0.03192608615750551 0.0037695600237857927
0.02839694926543063 -0.019169829774700917
0.030795457911638655 -0.0035795235743487433
0.02598150030485108 -0.034870248018468004
0.028761834127676043 -0.016798078170105736
0.02418622065879116 -0.04653956571785748
0.023703882385618956 -0.04967476449347678
0.01915552964142995 -0.07923905733070535
0.027770743805561042 -0.023240165263853245
0.032273169324411835 0.006025600608676939
0.025481792343637347 -0.03811834976635725
0.028455803754284706 -0.018787275597149412
0.026189499256148063 -0.0335182548350376
0.029822453804481567 -0.00990405027086982
0.030335541467699855 -0.006568980459950949
0.02327989114854976 -0.05243070753442658
0.03109382293614585 -0.0016401509150519994
0.022511384060602387 -0.057426003606084484
0.01823243898252798 -0.08523914661356816
0.030992525244738264 -0.0022985859092012825
0.018107606005857264 -0.08605056096192781
0.018922265783134842 -0.08075527240962355
0.023672263129563914 -0.04988028965783456
0.018997861339814223 -0.08026390129120758
0.021804263972790665 -0.0620222841768607
0.018546011624857323 -0.08320092443842741
0.031880200781643254 0.0034713050806811554
0.022075158925541988 -0.0602614669839771
0.03002018727272484 -0.008618782727288547
0.03245334365724472 0.007196733772090668
0.030191801631705685 -0.007503289393913046
0.024884419339860353 -0.04200127429090773
0.02756125607452527 -0.024601835515585757
0.025351869493873105 -0.03896284828982483
0.023893108455557453 -0.04844479503887657
0.03176646487274737 0.0027320216728579103
0.018182240288075968 -0.08556543812750622
0.028650149376610805 -0.01752402905202979
0.021760769629026944 -0.06230499741132487
0.030014533956166694 -0.008655529284916499
0.027759085345181532 -0.02331594525632005
0.02426472368773529 -0.046029296029720626
0.024377330303115452 -0.04529735302974958
0.018830433636096197 -0.08135218136537473
0.018733803630085224 -0.08198027640444605
0.018832742355596253 -0.08133717468862436
0.03208458413763249 0.0047997968946111545
0.028930756395361114 -0.01570008343015277
0.024223300489401654 -0.04629854681888926
0.01982764153257007 -0.07487033003829457
0.025603280481063424 -0.03732867687308776
0.029509564675588552 -0.01193782960867442
0.02290480437554935 -0.054868771558929254
0.017810445803263193 -0.08798210227878928
0.018758054901853474 -0.08182264313795243
0.020351369036223574 -0.07146610126454678
0.02735484719071494 -0.02594349326035291
0.024729527179147472 -0.04300807333554144
0.019230792808523738 -0.0787498467445957
0.029960136312829608 -0.009009113966607554
0.02147650239630529 -0.06415273442401562
0.021688672990205146 -0.06277362556366659
0.024979955751723446 -0.04138028761379761
0.029386975728957855 -0.012734657761773953
0.021476050271476296 -0.06415567323540408
0.02653789132699779 -0.031253706374514356
0.028684535364082872 -0.01730052013346133
0.019307273724042454 -0.07825272079372406
0.025055638357179562 -0.04088835067833286
0.03004447742296363 -0.008460896750736427
0.03024989448918801 -0.0071256858202779425
0.007874069436871063 -0.08823915904333007
-0.03083583610482573 -0.08115807876131237
-0.028157617232309716 -0.08164799684774822
-0.06736879687130234 -0.07447522008451786
-0.054309699709253145 -0.07686407932147808
-0.012675336648428362 -0.08448012134479968
-0.05139510686537749 -0.07739723654901631
-0.024044336869784723 -0.08240042618235645
-0.0747086349254367 -0.0731325667819323
-0.028511965334388066 -0.08158317707297778
-0.03047140588368158 -0.0812247428261558
-0.008128919028497356 -0.08531178310454317
-0.06458168219340762 -0.07498505813535226
0.014540663705593114 -0.08945865799492557
-0.04528871142062314 -0.07851426010598357
-0.04446007769490182 -0.07866583944605454
-0.036015495082872266 -0.08021058016776726
-0.04110059559805678 -0.079280378854014
-0.04544037381303988 -0.07848651698541953
-0.08348747016985063 -0.07152668228600292
-0.006381778614203717 -0.08563138196081639
-0.021864327434925647 -0.08279920839605018
-0.0749080671854622 -0.07309608527095203
-0.05783839134144583 -0.07621858694973552
-0.016711582280705593 -0.08374178372913922
-0.0084793913007149 -0.08524767232303995
-0.05819085932387298 -0.07615411109929153
-0.08067646142009996 -0.07204089120364024
-0.03933632526439915 -0.0796031112321221
-0.014163870673013855 -0.08420782853542429
-0.004819079801595714 -0.0859172414997081
-0.05384354223707401 -0.07694935202980353
0.0014816465742295074 -0.0870698133977249
-0.08498101415679732 -0.07125347302009805
-0.03373748687615247 -0.08062728898606966
-0.062461937354291105 -0.07537281633762967
-0.003995722795407799 -0.08606785558620589
-0.02781292282430428 -0.08171105070287116
0.01025938154666375 -0.08867549662438971
-0.02511321739646416 -0.08220489925674436
-0.027412787222203035 -0.0817842462398409
-0.07718226108043917 -0.07268007419260258
0.014142691575908199 -0.08938585821510515
-0.07810155252462928 -0.07251191112354342
-0.03837920583282022 -0.07977819405497191
-0.06559483310272546 -0.07479972565194046
-0.08101640969163502 -0.0719787055442131
-0.0436602439783895 -0.07881215049175802
-0.04581463316625364 -0.07841805490861213
-0.0375254501126543 -0.07993436888183153
-0.07572411417156855 -0.07294680838324966
-0.016782137963593277 -0.08372887720178171
-0.0775892593493291 -0.07260562328975687
0.004033150426104056 -0.08753655190721416
-0.027053129463907463 -0.08185003729318766
-0.03523701058773302 -0.08035298586809761
-0.026373393137915965 -0.08197437930403975
-0.049966622884719564 -0.07765854459425861
-0.02974181970345552 -0.08135820371278252
-0.003165326910854808 -0.0862197572724046
-0.0026569776600814526 -0.08631274798900948
-0.00834006567232843 -0.0852731587184765
-0.05718756007564657 -0.07633764144957685
-0.06935520274722759 -0.07411185315599494
-0.002211441940337313 -0.08639424842554805
-0.05273124022498889 -0.07715282191006301
-0.037726614758802145 -0.07989757047095082
-0.06465519418407184 -0.07497161081998685
-0.0186542208333745 -0.08338642301828515
-0.02943710726604836 -0.08141394379279603
-0.05454963215326446 -0.07682018924025649
-0.010773834869616396 -0.08482795703604577
-0.06785340993166632 -0.07438657135396347
-0.03576672948632694 -0.08025608606957434
-0.004589066231851718 -0.08595931715271005
-0.06971382844235825 -0.07404625089469055
0.012292385102117293 -0.08904738751868
0.0015088933437602328 -0.08707479756288297
-0.04107745967356101 -0.0792846110353242
-0.019706977406980908 -0.08319384559628398
-0.035265784613478894 -0.08034772232680264
-0.0788971543112183 -0.0723663742113625
-0.031199877333708326 -0.08109148585358994
-0.04056919172035541 -0.07937758688042279
-0.0303209978960016 -0.08125225648243872
-0.05275578770938261 -0.07714833151657635
-0.06168068267616707 -0.07551572877874993
-0.028258525992718296 -0.08162953792816129
-0.051270444601401594 -0.07742004062169483
0.0018399924514680803 -0.08713536447282952
-0.07212132836731391 -0.07360585456695477
0.008501553579968674 -0.08835394272804305
-0.04988557063080706 -0.07767337122607187
-0.04008787445493938 -0.07946563272165742
-0.0539959367749339 -0.07692147498019501
-0.013255101796168539 -0.08437406674460331
-0.031029233842905388 -0.0811227011262978
-0.03214049052867245 -0.08091942246426723
-0.028653064209138504 -0.08155736630320637
-0.07759456665546534 -0.0726046524410734
-0.013331098012363606 -0.08436016499773837
-0.06938954492548322 -0.07410557105021648
-0.08241027024382254 -0.07172373105295929
-0.06673726813322277 -0.07459074363416657
-0.06625534913148713 -0.0746788995491182
-0.033248533191635045 -0.08071673173323748
0.009487922053816445 -0.08853437598545423
-0.07581686035272729 -0.07292984261840355
-0.08090415598777241 -0.0719992397583343
-0.05686474858199367 -0.07639669233256213
0.00843056724560912 -0.08834095742297728
-0.07947406960895556 -0.07226084092519106
-0.02796889464881091 -0.08168251927155898
-0.0650026326856755 -0.07490805499652277
-0.02834545002608209 -0.08161363719035084
-0.015833953950085848 -0.0839023254969355
-0.056284131210689245 -0.07650290282731294
-0.026357773088078282 -0.08197723663022957
-0.03678254309201873 -0.08007026650755755
-0.07662504094565167 -0.07278200470506371
-0.0775347099564931 -0.07261560183722687
-0.016009129897030808 -0.0838702811163968
-0.05419327530964993 -0.07688537646774696
0.01349043794199304 -0.08926654352597434
-0.04459421856279506 -0.07864130148241553
-0.013421301279313947 -0.08434366440012549
-0.03707450611272892 -0.08001685863791544
-0.02995614351874066 -0.08131899813681573
-0.055016194613271466 -0.0767348424487918
-0.01584256328365522 -0.08390075061884356
0.0013668200958590095 -0.08704880855412055
-0.002075119621193732 -0.08641918543514748
0.01301280317629911 -0.08917917131273764
-0.036417323071433146 -0.08013707504790857
-0.021764615604418718 -0.08281744836504536
-0.06797699709595283 -0.07436396394586228
-0.03071489698255791 -0.0811802017714833
0.006654336383357053 -0.08801603714329702
0.001978013275427121 -0.08716061218452935
-0.04506893161493633 -0.07855446372897505
-0.057025785676568005 -0.07636723432745707
-0.04436249404891945 -0.07868369011300254
-0.048041647725791295 -0.07801067419650158
-0.016969462184873475 -0.08369461057593777
-0.01346866639471208 -0.08433500004974778
-0.07406195444362099 -0.07325086199202055
-0.017210355861800267 -0.08365054465942677
-0.07671349139980983 -0.07276582474393722
-0.02094758641409853 -0.08296690492425027
0.007952907253562519 -0.08825358059516387
-0.04371376522868823 -0.0788023600191424
-0.007601232604194465 -0.08540831110898882
-0.02091881229545091 -0.08297216848253947
-0.007333844625318508 -0.08545722354414904
-0.026668875713697256 -0.08192032761334805
0.016288352455171382 -0.08977835715643379
-0.08240213078404912 -0.0717252199785276
0.003953880895029934 -0.08752205138323718
0.005293790671660487 -0.0877671568301818
-0.007116776158954164 -0.08549693119043521
-0.07040317210515122 -0.07392015144417965
-0.03810194167071309 -0.0798289131090159
-0.042419244830008446 -0.07903916253109601
-0.007361789390019937 -0.08545211169694757
-0.03259283665230838 -0.0808366762221387
-0.0648729001913027 -0.07493178655037146
-0.04913413406572502 -0.07781082913431858
-0.08226880017937868 -0.07174960972328438
-0.017321033441172327 -0.08363029876076115
-0.0666987430427806 -0.07459779090680842
-0.042940165514131136 -0.07894387216204918
-0.07062336614812831 -0.07387987204607409
-0.06727645776664734 -0.07449211138414988
-0.008347786213829735 -0.08527174642429944
-0.07305292621673877 -0.07343544032620632
-0.07357450663990897 -0.07334002927318738
-0.04211042495831297 -0.0790956539710403
-0.04336585262758178 -0.07886600256812527
-0.048693041058362765 -0.07789151687956779
-0.013478732914176526 -0.08433315861326039
-0.04733262550185924 -0.07814037338380624
-0.035365068636442246 -0.08032956061528496
-0.06532804029751588 -0.07484852921386904
-0.025257676329095702 -0.08217847384223859
-0.07061549055626036 -0.07388131270312309
-0.08109534811375511 -0.07196426558894722
-0.06405738368299728 -0.0750809663994517
-0.01024185604414184 -0.0849252702358277
-0.07354640757855738 -0.07334516934538585
-0.03170098087575749 -0.08099982057150777
-0.02338124314119859 -0.0825217238156344
0.002100377832548083 -0.0871829959449783
-0.04436006090983602 -0.07868413519942023
-0.06659700746303716 -0.07461640107383466
-0.07451047541700546 -0.073168815472499
-0.02977326691187932 -0.08135245117465621
-0.040253254954005786 -0.0794353801913404
0.007487694768266403 -0.08816848075029263
-0.02980422484383248 -0.08134678813832333
-0.06440539465480496 -0.07501730585582836
-0.06050037653777518 -0.07573163843821185
-0.06642757300118582 -0.07464739518270991
0.017037206317513397 -0.08991534261905733
-0.03423149959337884 -0.08053692080608923
-0.05818258142546712 -0.07615562534899992
-0.015186649097177221 -0.08402073492124806
0.016812961200431506 -0.08987432217081064
0.009532251532408362 -0.08854248503641617
-0.04527535570575347 -0.07851670322455728
-0.04864697546867491 -0.07789994351182776
-0.03133161124673119 -0.08106738818657355
-0.041251299350822675 -0.0792528110943617
-0.07851303183884585 -0.0724366405172843
-0.014597247591797667 -0.0841285522697931
-0.06551852821756048 -0.07481368386264137
-0.024547433548961786 -0.08230839630201918
-0.0013848260505065282 -0.08654545864929758
0.005943317796278042 -0.08788597276761183
-0.06703929879648117 -0.0745354941225949
-0.043049831222684874 -0.07892381136170398
0.008731996124748722 -0.08839609685208817
-0.07168743219043791 -0.07368522581882234
-0.03714719107159387 -0.08000356260885477
-0.04291139602018169 -0.07894913487435701
-0.052712491902441774 -0.07715625148126065
-0.048415313499390225 -0.07794232070133106
-0.020918955494819223 -0.08297214228753307
-0.022482006413606655 -0.08268621833897438
-0.04322431372883754 -0.0788918938300907
-0.0555811535239418 -0.076631496306596
-0.03709717844155376 -0.08001271126069139
0.0005691134147345518 -0.08690288660025632
0.01558834766991836 -0.08965030750059481
-0.062487846929457413 -0.07536807678119681
-0.05940279502903181 -0.07593241554346979
-0.017182050148010483 -0.08365572253390052
-0.06298241729231797 -0.07527760659286865
0.006378909333586461 -0.08796565414638777
0.007785392774248112 -0.08822293770260636
-0.045283055707878994 -0.0785152946875831
-0.03923905292045641 -0.07962090495357504
-0.06442363930741196 -0.07501396841937585
-0.0772764531183709 -0.07266284394176141
-0.06103050192662163 -0.07563466428171556
-0.011805291060403622 -0.08463927602553592
-0.028760229563249334 -0.08153776288477146
-0.027128461014993728 -0.08183625713140358
-0.05061260251283904 -0.0775403775891148
-0.018492053967114563 -0.08341608768894246
-0.06739467522924093 -0.07447048623855348
0.005901530584864673 -0.08787832876552402
-0.02516955649929005 -0.08219459332330059
-0.07494276288854844 -0.07308973849599723
-0.03552520911732412 -0.08030026662487973
-0.030466722536644092 -0.08122559953597974
-0.05576473862246149 -0.07659791366662289
-0.030843869958913882 -0.08115660915385721
-0.02067864660823205 -0.08301610123020145
-0.06979579731883025 -0.07403125658801885
-0.0046785173906346185 -0.08594295413585952
-0.07340510357677844 -0.07337101763839418
-0.03173476064104329 -0.08099364134615061
-0.035620444418975425 -0.08028284553311425
0.013919759767929488 -0.08934507800632856
-0.049775909717061584 -0.077693431149318
-0.017969740681130032 -0.08351163280223231
-0.06275161120873196 -0.07531982721791489
-0.011077099694669672 -0.08477248176317018
-0.007155856465077045 -0.08548978235394931
-0.08063294361047123 -0.07204885177857233
0.01655913253534009 -0.08982789009792806
-0.0030269575583520905 -0.08624506873932583
-0.00151842303036347 -0.08652102017737254
0.0002332183430192522 -0.0868414423798206
-0.011125906242191112 -0.08476355373618455
-0.024349768788086576 -0.08234455448998416
-0.05581047765622586 -0.07658954677020258
-0.03540408383533602 -0.08032242368865804
-0.029248303805782923 -0.08144848101113726
-0.07506394412206509 -0.07306757119718321
-0.02879709128069153 -0.08153101988767837
-0.048096879873099144 -0.07800057075492088
-0.057440211119862125 -0.07629142479514717
-0.004781629220801879 -0.08592409221570697
-0.024407951818033985 -0.08233391125279865
-0.07223779577468174 -0.07358454955341187
-0.027192845748577346 -0.08182447943623584
-0.062424389346872514 -0.0753796848755721
-0.03304556153944817 -0.08075386069400338
-0.08466579172385688 -0.07131113566027009
-0.028925101777591215 -0.08150760333336746
-0.05817117191074453 -0.0761577124553516
-0.011679165337392373 -0.08466234780413553
-0.017995759921346687 -0.08350687318511951
0.00015506497685896167 -0.08682714603235224
-0.007634199094039489 -0.08540228065352935
-0.08344497743788655 -0.07153445534672806
-0.06031983252699989 -0.07576466478164635
-0.07437753607151423 -0.07319313364545471
-0.0103890786067427 -0.08489833927925439
-0.031998835545281684 -0.08094533496122895
-0.04356228576824179 -0.07883006967654113
0.004028497712497046 -0.08753570080106653
-0.018796674306163004 -0.08336036445618969
-0.07088884982739717 -0.07383130795840295
-0.06662440297573971 -0.0746113896995598
-0.06263706035176402 -0.07534078164296999
-0.011279270081738953 -0.08473549937529165
-0.053278543109038276 -0.07705270552883446
-0.08084021257134011 -0.07201093672475485
-0.05712828520146081 -0.07634848441436692
-0.06323268223837557 -0.07523182641980934
-0.022779490425345383 -0.08263180053194902
-0.006627229462467497 -0.08558648241540229
-0.06432762653982518 -0.07503153173051978
-0.05806638566822672 -0.07617688067044633
0.0019210992668330634 -0.08715020108539628
0.005739737041541716 -0.08784873238564787
-0.08120787729561563 -0.07194368098250933
-0.07700920488745373 -0.07271173081327065
-0.07289720919907047 -0.0734639251465115
-0.03406675101567697 -0.0805670577410347
-0.0653973683944903 -0.07483584724491031
-0.026757243482483054 -0.08190416277759456
-0.0473589502962935 -0.07813555787262923
-0.02251649877916316 -0.08267990875990917
-0.04273903124767581 -0.07898066501566905
-0.07639235014491219 -0.07282457009544288
-0.06349370089269969 -0.07518407910499396
-0.04155517971621437 -0.0791972232226437
0.00994747218423386 -0.08861844003370131
-0.03398551961787682 -0.08058191714307131
-0.05094148420014585 -0.07748021630485136
-0.052085014443512226 -0.07727103394325996
-0.03892238145900289 -0.0796788326599385
-0.06409650163876317 -0.075073810675836
-0.02980541331214665 -0.08134657073558292
0.009123462870231615 -0.08846770662260334
-0.0609930303293402 -0.07564151884219386
-0.08499676306578137 -0.07125059212211315
-0.03977814776142431 -0.07952229004364189
-0.020042842698223436 -0.08313240682349571
0.014085413536239412 -0.08937538052492185
-0.014761148649540312 -0.08409857036898652
-0.05804336834727994 -0.07618109115598537
-0.06425041724655496 -0.07504565538172775
-0.009396647788145047 -0.08507988150216858
-0.007679807599228296 -0.0853939376342875
0.011383110793768303 -0.08888105685251858
-0.053074787032165754 -0.0770899779819209
0.009642678578382862 -0.08856268510580174
-0.033308873356571164 -0.0807056938981882
-0.05817018743764098 -0.07615789254189494
-0.07987467936582382 -0.0721875586525932
-0.015837676041174364 -0.08390164462661444
0.015525199457084405 -0.08963875599824714
-0.013631838270890866 -0.08430515153581264
-0.03154664111708817 -0.08102805345419119
-0.07041548368388588 -0.07391789932611843
-0.06885184971086424 -0.07420392993093947
-0.05907663385532473 -0.07599207917280645
-0.04992779402560164 -0.07766564743434115
-0.055899703053824065 -0.07657322505112973
-0.0392021620730772 -0.07962765327931515
-0.06583701887369746 -0.07475542337676265
-0.07681774730952423 -0.07274675354094068
0.00865461767671997 -0.08838194225793658
-0.07353172272002872 -0.07334785559999474
-0.041113806495835216 -0.0792779622263716
-0.05882478984996789 -0.0760381481981766
-0.06409839578721896 -0.07507346418526482
-0.0786126979582772 -0.07241840891007123
-0.00924168513813486 -0.08510822832838996
-0.01630716848049861 -0.08381576186332342
-0.024246558784845537 -0.08236343436862581
-0.022863707903179695 -0.08261639489575981
-0.024272336529954502 -0.08235871892744734
-0.07238390142237787 -0.07355782291054064
-0.047773941137666226 -0.07805964491384154
-0.05985616628187011 -0.07584948177770669
-0.0737059726148035 -0.07331598061924326
-0.018595608887039435 -0.08339714471578547
-0.04612694195732829 -0.07836092525170824
0.012748865105996687 -0.08913088995841402
-0.005866630935803568 -0.08572561629223105
-0.002536173060799094 -0.08633484639131724
-0.08257655169122068 -0.0716933137150206
-0.039076758692225995 -0.07965059292215378
-0.07993348147141258 -0.07217680216986355
-0.042288037240778925 -0.07906316391936971
-0.06621527608663748 -0.07468622998415167
-0.07521389582560264 -0.0730401410075117
-0.07348361011039374 -0.07335665668712309
-0.08054986299699288 -0.07206404945176959
-0.025156040440722983 -0.08219706577303848
-0.020917207639511395 -0.08297246201716255
-0.06986681328947913 -0.07401826586168064
-0.054144476198533215 -0.07689430313441466
-0.06352418150930009 -0.0751785033824451
-0.04826969184859714 -0.07796895880818344
-0.03224184713625836 -0.08090088162141615
-0.014958753810256742 -0.08406242308348962
-0.045416380855596614 -0.07849090594104939
0.008016901289763513 -0.0882652868212982
-0.027364419487953262 -0.08179309399610611
-0.05787256862513529 -0.07621233500759719
-0.04978135693797396 -0.07769243470646818
0.006954689870041674 -0.08807097985427591
-0.0636265516034723 -0.07515977714570628
0.005133373681790326 -0.08773781225886408
-0.026585060418508603 -0.08193565967954111
0.015634004290683633 -0.08965865932146651
-0.05650973598210332 -0.07646163366181036
-0.0485351172370581 -0.07792040538346498
-0.0784834522156445 -0.07244205142396747
-0.01848297680355561 -0.08341774814569104
-0.044155350948323666 -0.07872158214359933
-0.06615644669084392 -0.07469699145899196
-0.07379099627640082 -0.07330042751041448
0.016876088274816584 -0.08988586980636888
0.014629354846169621 -0.08947488198405541
-0.012159056056670375 -0.08457456291646273
-0.08178860362321824 -0.07183745055672837
-0.007153312816102292 -0.08549024765559105
-0.07426872961355345 -0.0732130372658134
-0.06614100907685595 -0.07469981541277025
-0.03651761165881281 -0.08011872957460742
0.009085331790404707 -0.08846073142507403
0.00269749052917328 -0.08729222387728779
0.002302956274453224 -0.08722005297703413
-0.0462589604091424 -0.07833677553491297
-0.025509974780960072 -0.08213232168640974
0.01020463561715743 -0.08866548212508978
-0.07735197530409932 -0.07264902890778671
-0.07313330103444234 -0.0734207376156508
-0.03722003256069902 -0.07999023794621359
-0.021888843278029375 -0.08279472379060437
-0.06311917432229716 -0.07525259006299442
-0.07541002823790215 -0.07300426312721302
-0.06507455634309253 -0.0748948982299221
-0.07453752799435463 -0.07316386683030097
-0.011396138875976587 -0.08471412093732135
-0.06578225433022863 -0.07476544128105574
-0.06728811721861944 -0.07448997855756961
-0.06879990062332984 -0.07421343281280551
-0.03125248518784185 -0.08108186246563868
-0.07633951745475959 -0.07283423461193422
0.0026320633944759263 -0.08728025549898949
-0.018409813290868188 -0.08343113171508508
-0.01815996914087533 -0.08347683491325451
0.0045702431656176705 -0.0876348005790764
-0.08324668071455865 -0.07157072913758072
-0.014127790957588558 -0.08421442848336794
-0.011993373360496853 -0.08460487072673838
0.0026650375362789556 -0.08728628735419737
-0.04971251794517037 -0.07770502720515175
0.012141935605278917 -0.08901986626925834
-0.012497162791271894 -0.08451271412354783
-0.08146603219312563 -0.07189645752564774
-0.03026842918152215 -0.08126187271069717
-0.002003695853033862 -0.08643225075859136
-0.07041860979475713 -0.07391732747656882
-0.07206132352857678 -0.0736168310618457
-0.04962522430162901 -0.07772099555458005
-0.07898065631911363 -0.07235109945382068
-0.013000513795252817 -0.08442063772038058
-0.05345443715912382 -0.07702052978796516
-0.005643191442931104 -0.08576648937019553
0.014739561214831692 -0.08949504168563994
0.007005102610796652 -0.08808020169709695
-0.07353804164499293 -0.07334669969908665
-0.026594688944518538 -0.08193389836380759
-0.04204399117568169 -0.07910780649225335
-0.07310296595207813 -0.07342628671608326
-0.01631701590377716 -0.08381396050540661
-0.023296300926360244 -0.0825372620256658
0.0007140946431374827 -0.08692940755667149
0.006320652837440098 -0.08795499747026343
-0.06636867918982518 -0.07465816844088563
-0.07413980816038808 -0.07323662045846559
0.01427445328618447 -0.08940996096698496
-0.014915951205361232 -0.08407025282828758
-0.008388665960972635 -0.0852642684217733
-0.041509600197899836 -0.07920556093940856
-0.04358387361739868 -0.07882612067974414
-0.0416329375844623 -0.07918299922235446
-0.03999683249762825 -0.07948228673823873
-0.00011446856046525358 -0.08677784111698807
-0.053838732993437347 -0.07695023176949317
0.013406055213484511 -0.08925110766100326
-0.07668280934637617 -0.07277143731468728
-0.07514125276824216 -0.07305342937166301
0.013863907356094402 -0.08933486110172459
0.0008332495352701072 -0.08695120418328112
-0.0476124207386195 -0.0780891913283013
-0.00849208222024057 -0.08524535081337062
-0.0572748933000924 -0.0763216658597392
-0.06939498985710538 -0.07410457502613926
0.0020613143096943985 -0.08717585017860263
0.0038378808248869505 -0.08750083185821102
0.01613174737669433 -0.08974970988598066
-0.0515093871926183 -0.07737633161110641
-0.005224491116149654 -0.08584308089338726
-0.044732938306097106 -0.07861592591961639
0.007253150252272991 -0.08812557626565969
-0.05971462437338146 -0.07587537359023509
-0.04687071550563346 -0.07822486911482314
-0.08097858443664817 -0.07198562479817411
0.0038615540799849836 -0.08750516233170456
-0.08084313330126096 -0.07201040244489128
-0.07190903096293831 -0.07364468945799908
-0.0659670980628112 -0.07473162840314429
-0.014563347643199928 -0.08413475347990244
0.013655400300911592 -0.08929671956723992
-0.029210920813477557 -0.08145531936338825
-0.0796895266873999 -0.07222142804498782
0.008446210780639927 -0.08834381904523901
-0.0454096260076616 -0.07849214158396434